516633096
550682925
627547024
636911471
669987106
671484594
680981536
684023803
684023859
696608092
698572327
699260156
703773782
706204833
706810694
708482569
708813010
709508670
710135228
710311600
710715953
711224007
711288191
711513274
712411818
712872338
712872421
712872473
712872531
712873183
712873308
712873386
712878000
712878267
712878343
712878396
712881543
712881676
712881741
712881882
712889562
712889594
712889683
712889781
712889809
712891291
712891354
712891378
712891476
713368646
713381693
714352602
715273866
715457941
715534283
715978328
717536136
717891895
717917231
717927381
718090116
719342595
719521006
719581803
719981739
720054719
720154872
720164068
720356159
720688837
720856841
720924221
720953589
720959757
720993927
721106120
721509220
721856824
723082034
723308478
724052271
726600165
726639434
726805368
730950147
734957625
735966681
736660951
737123608
738480520
738514517
738984692
739115995
740126873
743770874
744643166
745915558
746758535
747688056
747922835
748601806
749326717
749389032
749546552
749699147
749705073
750849372
753191526
754739349
756697478
757313957
757961591
758706289
760194556
760195376
761821348
762816132
763245610
763558111
764019224
764191934
764911200
765228329
765489047
765662083
765717347
766101638
768013050
768871687
771213598
771642775
772176512
772567736
773323473
773355081
773601556
774023957
774293013
777163201
778388481
778618827
779101752
779135011
779409209
779899001
779954797
779957437
781072934
781427254
782170063
782508289
783382630
784558743
786721553
787181453
787353922
787391918
787398581
787453368
788037971
788289620
788310383
788722110
788844423
788884593
789080627
789150159
789262504
789266166
789271422
789281061
789285351
789285762
789286413
789444415
789736824
789816636
790028876
790147995
790410710
791429003
791866288
792184018
792400552
792440851
792857662
792933603
793280504
794311724
794409906
794768894
794866848
794990759
795545202
795588781
796744496
796758810
797311794
797902544
798073295
798615865
798841317
798865216
798891126
798945915
798952867
799036953
799263010
799300265
799540668
799880073
799933274
799981363
800072571
800144885
800233652
800299837
800471126
800574730
800707821
800802122
801177435
801306872
801536406
801563949
801566979
801638735
801696196
801835819
802148439
802302246
802445176
802475516
802515929
802765034
802904214
802937732
803413615
803484030
803784385
804057093
804118645
804158476
804473605
804697858
804791599
804941978
804945338
804946658
805031334
805041930
805211553
805420467
805517427
805697623
805788048
805936041
805970954
805993160
806030859
806179522
806223655
806372496
806403304
806542084
806695084
806708318
806811023
807000274
807161510
807196681
807336308
807367030
807367166
807479587
807484325
